Spielberg & 9.0 & 3.5 & 3.5 & 4.0 & 2.0 & 3.5 & 4.5 & 4.5 \
Hichcock & 8.0 & 8.0 & 5.0 & 8.0 & 1.5 & 7.0 & 4.0 & 8.0 \
Felini & 3.0 & 4.0 & 5.0 & 7.0 & 7.0 & 3.0 & 4.0 & 9.0 \
Welles & 4.0 & 9.0 & 5.0 & 5.5 & 6.0 & 3.5 & 3.0 & 8.0 \
Kubrick & 3.5 & 8.5 & 4.5 & 9.0 & 6.5 & 8.0 & 2.0 & 8.5 \
Griffith & 9.0 & 9.0 & 6.5 & 7.0 & 1.0 & 8.5 & 3.5 & 3.0 \
Eisenstein & 9.0 & 8.5 & 7.0 & 8.0 & 1.0 & 8.5 & 3.0 & 3.0 \
PEARSON
['1.0', '0.06', '0.32', '-0.2', '-0.99', '0.43', '0.42', '-0.85']
['0.06', '1.0', '0.6', '0.54', '-0.17', '0.7', '-0.7', '-0.13']
['0.32', '0.6', '1.0', '0.47', '-0.41', '0.63', '-0.28', '-0.52']
['-0.2', '0.54', '0.47', '1.0', '0.08', '0.72', '-0.62', '0.21']
['-0.99', '-0.17', '-0.41', '0.08', '1.0', '-0.51', '-0.37', '0.81']
['0.43', '0.7', '0.63', '0.72', '-0.51', '1.0', '-0.51', '-0.45']
['0.42', '-0.7', '-0.28', '-0.62', '-0.37', '-0.51', '1.0', '-0.16']
['-0.85', '-0.13', '-0.52', '0.21', '0.81', '-0.45', '-0.16', '1.0']
AUTOVALORES [  3.69447752e+02   2.95024729e+02   5.63937797e+01   4.60787196e+01
   3.06404770e+01   2.41454245e+00   5.41624717e-14   2.62474261e-14]
CONTRIBUICOES
C1 [12.948876738732048, 12.720231807756111, 15.273973438082511, 8.5557252828853354, 14.253421236976882, 17.177498577060817, 13.811978990715465, 5.2582939277908363]
C2 [15.636548877300086, 12.363178199237051, 3.7619078313687133, 16.337095204194895, 13.77976076788549, 6.7839218852745189, 12.423841376896604, 18.913745857842652]
OPOSICAO [1.0, 0.78485281834155096, 0.52478201341876185, 2.4421282981588255, -0.52833820703340684, -0.11206183834807608]
INOVACAO [2.7755575615628914e-17, 0.8081083766332986, 0.35723790543230455, 1.4547501309206556, 1.3649353684275194, 0.08502546509416696]
DIALÉTICAS [0.43089966287246884, 0.023475775097207881, 1.4124349740141486, 1.3936418607270626, 0.77580271004581436]
